0 0.238473 0.521167 0.037898 0.063167
0 0.341344 0.410375 0.025594 0.019556
0 0.853082 0.942514 0.107055 0.108250
0 0.273965 0.839493 0.085648 0.135764
0 0.507133 0.464465 0.040359 0.037986
0 0.423809 0.421687 0.037070 0.034153
0 0.561582 0.487743 0.041055 0.046514
0 0.294117 0.464125 0.039047 0.046500
0 0.599180 0.640993 0.067047 0.083931
0 0.433926 0.897000 0.089711 0.193056
0 0.253531 0.403493 0.030234 0.031292
0 0.830715 0.612056 0.071617 0.062139
0 0.985582 0.636264 0.028383 0.087583
0 0.345492 0.490681 0.039484 0.041250
0 0.382117 0.624201 0.050766 0.077236
0 0.570164 0.445139 0.036172 0.033750
0 0.335535 0.429389 0.021742 0.022389
0 0.664922 0.518465 0.050156 0.051931
0 0.861234 0.697778 0.106531 0.081972
0 0.632387 0.561507 0.052117 0.050625
0 0.309211 0.529354 0.043422 0.072681
