0 0.324203 0.447806 0.039562 0.041861
0 0.516637 0.435500 0.045789 0.038722
0 0.299355 0.405444 0.027820 0.023528
0 0.328813 0.539778 0.043469 0.062333
0 0.465625 0.521687 0.060766 0.066708
0 0.544129 0.584764 0.060352 0.079750
0 0.380395 0.510813 0.043633 0.068153
0 0.465012 0.451000 0.035070 0.038417
0 0.662816 0.469014 0.047008 0.041500
0 0.292566 0.503799 0.040148 0.049764
0 0.552844 0.472118 0.052297 0.055625
0 0.262273 0.898542 0.121719 0.191667
0 0.778332 0.642958 0.087617 0.117111
0 0.842543 0.615944 0.072773 0.069472
0 0.616543 0.497646 0.051570 0.059653
0 0.285625 0.625569 0.053938 0.103528
0 0.736105 0.518403 0.052773 0.050639
0 0.700043 0.537701 0.057023 0.058625
0 0.476270 0.632667 0.059898 0.081889
0 0.229738 0.467153 0.033539 0.035778
0 0.623305 0.679708 0.078016 0.101861
0 0.438078 0.582187 0.048578 0.062819
0 0.990824 0.642319 0.018023 0.057972
0 0.275191 0.464715 0.036820 0.032375
