0 0.560852 0.510090 0.048672 0.048569
0 0.442449 0.439882 0.026023 0.039181
0 0.349609 0.432382 0.034938 0.033347
0 0.429727 0.500083 0.044375 0.049194
0 0.368352 0.512590 0.048078 0.053875
0 0.455234 0.958778 0.114734 0.079667
0 0.207918 0.482361 0.030414 0.047778
0 0.733320 0.626188 0.071797 0.064875
0 0.777055 0.539042 0.049109 0.053083
0 0.289469 0.501903 0.037484 0.041806
0 0.745027 0.559569 0.055695 0.054778
0 0.396125 0.691528 0.059344 0.093444
0 0.659371 0.514181 0.059820 0.047861
0 0.240484 0.466326 0.041906 0.049708
0 0.502387 0.554028 0.049195 0.056472
0 0.267316 0.539250 0.040164 0.069194
0 0.620637 0.550562 0.052273 0.055542
0 0.507078 0.445882 0.116172 0.129931
0 0.866848 0.720812 0.096039 0.097514
