0 0.289992 0.600819 0.067187 0.170833
0 0.595125 0.528715 0.048922 0.060597
0 0.722699 0.548438 0.064523 0.070153
0 0.512992 0.435125 0.038000 0.033028
0 0.835207 0.551417 0.080602 0.054778
0 0.970941 0.714514 0.058117 0.133167
0 0.351582 0.474375 0.045117 0.059306
0 0.499820 0.556868 0.065250 0.073042
0 0.532348 0.674667 0.070008 0.105194
0 0.491508 0.462472 0.038531 0.040222
0 0.626020 0.499549 0.052102 0.053181
0 0.447813 0.457743 0.046500 0.048264
0 0.440617 0.581764 0.052109 0.067083
0 0.342871 0.543014 0.040086 0.067778
0 0.839027 0.618604 0.091758 0.080875
0 0.365430 0.436250 0.040109 0.036778
0 0.433191 0.422743 0.032930 0.027014
0 0.326898 0.418993 0.029766 0.030014
0 0.287109 0.405854 0.026172 0.024764
0 0.249742 0.519007 0.045594 0.076931
0 0.254398 0.459167 0.030672 0.033583
