0 0.869711 0.931917 0.140578 0.135889
0 0.657918 0.699174 0.088586 0.113542
0 0.401004 0.677424 0.060992 0.114903
0 0.443539 0.502944 0.049437 0.066778
0 0.369398 0.587653 0.046719 0.076750
0 0.352504 0.413264 0.024742 0.037472
0 0.693453 0.502632 0.035781 0.050653
0 0.647957 0.571208 0.057164 0.042694
0 0.466164 0.447868 0.037984 0.032125
0 0.419219 0.435000 0.038438 0.032500
0 0.544996 0.502125 0.044727 0.050056
0 0.663867 0.969806 0.111016 0.060389
0 0.375727 0.519750 0.045250 0.052806
0 0.230418 0.923264 0.119492 0.153361
0 0.258574 0.481403 0.036352 0.041639
0 0.251855 0.444188 0.030820 0.031847
0 0.332605 0.482590 0.038992 0.042153
0 0.380418 0.477438 0.038727 0.030903
0 0.467359 0.419597 0.034516 0.022944
0 0.531629 0.584500 0.051070 0.060861
0 0.972402 0.846771 0.055195 0.132542
0 0.597602 0.826569 0.094047 0.139778
0 0.498109 0.628722 0.066484 0.102194
0 0.766156 0.642278 0.077375 0.085111
0 0.920125 0.651618 0.100234 0.102764
0 0.703902 0.503556 0.056852 0.056694
0 0.628617 0.510549 0.052250 0.047597
0 0.308668 0.521285 0.039961 0.057486
