0 0.544289 0.733528 0.073797 0.110306
0 0.401355 0.418340 0.036852 0.027292
0 0.373074 0.476632 0.035336 0.044347
0 0.432059 0.510354 0.049367 0.065597
0 0.387367 0.636000 0.076391 0.185694
0 0.923090 0.547042 0.074445 0.054333
0 0.735664 0.803285 0.117156 0.169125
0 0.913176 0.591319 0.082086 0.058472
0 0.333816 0.486021 0.042555 0.046042
0 0.322051 0.417250 0.041477 0.034167
0 0.251699 0.551090 0.041086 0.049458
0 0.292254 0.506646 0.039008 0.062097
0 0.328020 0.541375 0.038570 0.062972
0 0.508844 0.566375 0.054641 0.063167
0 0.897281 0.460250 0.070922 0.064389
0 0.301063 0.596229 0.042797 0.074347
0 0.748547 0.577972 0.070609 0.064361
0 0.737738 0.492535 0.051555 0.051847
0 0.293238 0.778486 0.072430 0.150000
