0 0.570094 0.522125 0.055547 0.040389
0 0.507402 0.425160 0.106070 0.091181
0 0.374289 0.512313 0.043609 0.053347
0 0.321602 0.480674 0.042219 0.038458
0 0.275719 0.490910 0.039781 0.045292
0 0.344707 0.432000 0.024945 0.023028
0 0.364141 0.412028 0.022469 0.023778
0 0.259168 0.949493 0.120539 0.100847
0 0.469867 0.969306 0.114469 0.054028
0 0.630426 0.875660 0.123586 0.169292
0 0.961508 0.604542 0.072297 0.071000
0 0.633387 0.444938 0.087336 0.080431
0 0.258871 0.546056 0.041852 0.098833
0 0.565293 0.478840 0.051898 0.052153
0 0.682031 0.497563 0.052500 0.052875
0 0.800590 0.506889 0.063258 0.047667
0 0.778430 0.655236 0.084578 0.071583
0 0.332496 0.536979 0.043039 0.062375
0 0.301055 0.650069 0.051656 0.093056
0 0.424316 0.566549 0.052336 0.080403
0 0.821996 0.559021 0.068773 0.055764
0 0.709703 0.551840 0.060687 0.062014
