0 0.610254 0.474090 0.050336 0.051625
0 0.596523 0.529813 0.038641 0.048931
0 0.397578 0.657521 0.069687 0.137236
0 0.929129 0.608486 0.083602 0.075306
0 0.676910 0.580743 0.062211 0.066819
0 0.277754 0.589583 0.044758 0.052611
0 0.522504 0.693181 0.066523 0.116250
0 0.682719 0.721694 0.086203 0.128083
0 0.811191 0.676153 0.085023 0.082917
0 0.286523 0.632639 0.043609 0.071500
0 0.329043 0.547146 0.042883 0.057292
0 0.236738 0.521951 0.034164 0.043931
0 0.202215 0.478882 0.031492 0.047375
0 0.240129 0.464674 0.035617 0.041347
0 0.341762 0.493090 0.041664 0.046514
0 0.545391 0.582465 0.066625 0.093458
0 0.679430 0.963472 0.105875 0.073056
0 0.500742 0.482799 0.047000 0.046403
0 0.537082 0.436396 0.037727 0.032125
0 0.444633 0.463521 0.034734 0.032125
0 0.270434 0.450493 0.024898 0.038903
0 0.315715 0.417840 0.031945 0.029986
0 0.213809 0.437285 0.032523 0.029625
0 0.663152 0.476292 0.043758 0.030861
0 0.282738 0.782111 0.078508 0.169556
0 0.936516 0.692208 0.085641 0.076556
0 0.979398 0.580125 0.041125 0.071694
0 0.447281 0.573403 0.053781 0.065833
