0 0.686523 0.742688 0.090188 0.116347
0 0.635223 0.557438 0.058961 0.051931
0 0.772852 0.652861 0.078312 0.090583
0 0.814422 0.519597 0.059906 0.057917
0 0.768801 0.568944 0.067367 0.067306
0 0.608117 0.889674 0.110719 0.182292
0 0.275813 0.707993 0.062688 0.101264
0 0.271941 0.832722 0.080508 0.161889
0 0.497332 0.481389 0.042758 0.038750
0 0.462691 0.949444 0.114289 0.095083
0 0.326355 0.416861 0.034852 0.035861
0 0.762918 0.409319 0.037430 0.050444
0 0.965617 0.707667 0.064375 0.065278
0 0.555422 0.465764 0.051969 0.043750
0 0.399508 0.446549 0.036828 0.027292
0 0.426602 0.434813 0.040969 0.039847
0 0.240023 0.408889 0.022109 0.023472
0 0.266719 0.409715 0.019953 0.024014
0 0.236937 0.533222 0.038625 0.046500
0 0.275320 0.489542 0.038625 0.035639
0 0.307590 0.468250 0.039117 0.035639
0 0.378734 0.612326 0.057203 0.089097
0 0.479090 0.613847 0.063805 0.089528
