0 0.817211 0.927882 0.150281 0.144014
0 0.454031 0.518785 0.045391 0.056347
0 0.258746 0.550090 0.039914 0.046625
0 0.346410 0.489215 0.045398 0.054264
0 0.267746 0.484694 0.043836 0.060528
0 0.431141 0.939069 0.109187 0.121861
0 0.274688 0.603313 0.042344 0.073931
0 0.777594 0.561993 0.083406 0.095264
0 0.482926 0.471910 0.041492 0.029542
0 0.386320 0.626479 0.060344 0.094069
0 0.591023 0.523118 0.037328 0.045514
0 0.456922 0.587201 0.055906 0.070347
0 0.850078 0.562396 0.061766 0.079153
0 0.718422 0.604090 0.064609 0.080347
0 0.528711 0.726479 0.068359 0.103097
0 0.482750 0.459958 0.040453 0.051111
0 0.306184 0.413299 0.020102 0.019597
0 0.613719 0.476444 0.036594 0.034639
0 0.575605 0.480167 0.052039 0.051056
0 0.775805 0.424771 0.046266 0.043014
0 0.212727 0.393917 0.026281 0.025278
0 0.249984 0.397764 0.025484 0.018806
0 0.410813 0.436076 0.026781 0.029181
0 0.375871 0.441222 0.034398 0.029194
