0 0.384219 0.484292 0.041875 0.043583
0 0.262590 0.546708 0.039508 0.060083
0 0.461172 0.467222 0.036406 0.029167
0 0.391121 0.429653 0.032086 0.022917
0 0.323359 0.527174 0.047531 0.068236
0 0.485641 0.459931 0.031375 0.027917
0 0.502848 0.649896 0.069930 0.107847
0 0.245195 0.468882 0.037844 0.045958
0 0.352063 0.438153 0.024984 0.019639
0 0.765852 0.602361 0.068687 0.075500
0 0.559059 0.775174 0.082117 0.124764
0 0.835090 0.689382 0.090305 0.084542
0 0.555629 0.460847 0.035242 0.038972
0 0.282715 0.652715 0.056102 0.099875
0 0.825617 0.553174 0.072453 0.071042
0 0.622242 0.448326 0.045672 0.030153
0 0.306906 0.405160 0.025438 0.020542
0 0.323766 0.421944 0.029484 0.024667
0 0.273473 0.409958 0.025242 0.026028
0 0.614977 0.502993 0.047313 0.045847
0 0.234684 0.931597 0.088805 0.136806
0 0.427887 0.950132 0.111602 0.099208
0 0.314141 0.475292 0.037953 0.035194
0 0.970309 0.721965 0.059383 0.086236
