0 0.850840 0.694007 0.089523 0.083181
0 0.246949 0.907264 0.098727 0.153556
0 0.877773 0.645674 0.082687 0.071264
0 0.774734 0.870417 0.118641 0.148306
0 0.456187 0.604014 0.051344 0.077194
0 0.715336 0.513646 0.055375 0.059792
0 0.700340 0.598917 0.066695 0.071306
0 0.267227 0.587076 0.047422 0.076542
0 0.521508 0.653722 0.071312 0.110250
0 0.313867 0.415049 0.029781 0.041597
0 0.340656 0.542938 0.051359 0.061986
0 0.284801 0.690958 0.060633 0.132806
0 0.409402 0.675194 0.059086 0.113833
0 0.574980 0.485944 0.048320 0.047167
0 0.362152 0.436514 0.032414 0.023861
0 0.675871 0.959667 0.119898 0.080667
0 0.422809 0.544424 0.056820 0.068875
0 0.496273 0.557438 0.051078 0.055097
0 0.236988 0.522229 0.036445 0.054069
0 0.265543 0.483708 0.037305 0.040306
0 0.230391 0.451569 0.041609 0.037250
0 0.444043 0.462799 0.039602 0.031125
0 0.372441 0.407694 0.031852 0.029083
